# 说明文件

## 环境

* python3
* pandas

## 日志

* 20201207 完成Flickr人工评分之间的相似度计算


## 结果记录

* 肯德尔相关性

  | 肯德尔相关性 | A        | B        | C        | Mean     |
  | ------------ | -------- | -------- | -------- | -------- |
  | A            | 1.000000 | 0.795205 | 0.683745 | 0.759833 |
  | B            | 0.795205 | 1.000000 | 0.795624 | 0.864996 |
  | C            | 0.683745 | 0.795624 | 1.000000 | 0.920134 |
  | Mean         | 0.759833 | 0.864996 | 0.920134 | 1.000000 |

* 斯皮尔曼相关性

  | 斯皮尔曼相关性 | A        | B        | C        | Mean     |
  | -------------- | -------- | -------- | -------- | -------- |
  | A              | 1.000000 | 0.815552 | 0.721662 | 0.821372 |
  | B              | 0.815552 | 1.000000 | 0.827353 | 0.922154 |
  | C              | 0.721662 | 0.827353 | 1.000000 | 0.967932 |
  | Mean           | 0.821372 | 0.922154 | 0.967932 | 1.000000 |

* 皮尔森相关系数

  | 皮尔森相关系数 | A        | B        | C        | Mean     |
  | -------------- | -------- | -------- | -------- | -------- |
  | A              | 1.000000 | 0.885036 | 0.796189 | 0.936361 |
  | B              | 0.885036 | 1.000000 | 0.874369 | 0.968871 |
  | C              | 0.796189 | 0.874369 | 1.000000 | 0.942444 |
  | Mean           | 0.936361 | 0.968871 | 0.942444 | 1.000000 |

> **重要说明**：
>
> 在这里，我们并没有盲目给出相关性的均值，是因为不知道该怎么去计算，如果直接去除Mean，我们可以计算A和B、C 以及B和C之间三个相关性的均值。或者，我们计算A、B、C和均值之间的三个相关性。
>
> 前者似乎可以理解，但是后面这种算法就有个问题，因为A和均值去计算，类似于作弊，因为这时A对均值本身有影响，这样的分数肯定会变高。或者就是另一种，A去计算以BC为均值的。
>
> 在论文improved Bert-score中，人工的分数援引spice中，直接给出了0.73，但是指标在计算相关性的时候，参考的人工分数是三个分数的均分。
>
> 这里就有了灰色地带，他们选择跟谁去比较呢，平均分吗？至少在improved-Bert-score中是这么做的.
>
> 目前跟这个分数有牵扯的论文有  SPICE、improved-Bert-score、LEIC。已经向后面两个作者进行了询问。